AddStaticVehicle(522,1445.5302,-1810.5175,32.9943,88.8139,6,25);
AddStaticVehicle(522,1445.1293,-1813.0497,32.9925,82.6950,3,3);
AddStaticVehicle(522,1444.8865,-1815.3760,33.0016,82.0148,6,25);
AddStaticVehicle(522,1444.6097,-1817.3733,32.9970,80.5911,39,106);
AddStaticVehicle(522,1444.1257,-1819.3584,33.0020,83.7890,3,3);
AddStaticVehicle(522,1443.3774,-1822.1045,32.9941,50.3489,8,82);
AddStaticVehicle(522,1440.5739,-1822.5538,32.9953,14.1916,39,106);
AddStaticVehicle(522,1438.2220,-1822.5968,32.9959,5.5880,6,25);
AddStaticVehicle(522,1435.5763,-1822.5643,32.9961,5.3202,8,82);

AddStaticVehicle(405,2873.04736328,-3254.08447266,21.51268768,120.00000000,-1,-1); //Sentinel
AddStaticVehicle(492,2842.24926758,-3236.14331055,22.70347595,330.00000000,-1,-1 );  //Greenwood
AddStaticVehicle(492,2842.45483398,-3195.03369141,20.24268913,115.99633789,-1,-1); //Greenwood
AddStaticVehicle(492,2785.65258789,-3133.86889648,21.99268913,5.99365234,-1,-1); //Greenwood
AddStaticVehicle(492,2773.48168945,-3062.57641602,24.84785843,85.99304199,-1,-1); //Greenwood
AddStaticVehicle(470,2703.18847656,-2953.38793945,23.35287094,0.00000000,-1,-1); //Patriot
AddStaticVehicle(470,2659.25781250,-2865.93432617,22.94494438,210.00000000,-1,-1); //Patriot
AddStaticVehicle(470,2654.39184570,-2868.64721680,21.94494438,209.99816895,-1,-1); //Patriot
AddStaticVehicle(470,2670.96313477,-2859.00512695,22.20270157,209.99816895,-1,-1); //Patriot
AddStaticVehicle(470,2678.25781250,-2854.70263672,22.20270157,209.99816895,-1,-1); //Patriot
AddStaticVehicle(444,2695.79541016,-2866.92895508,22.59268951,60.00000000,-1,-1); //Monster
AddStaticVehicle(444,2689.50732422,-2870.74536133,22.59268951,59.99633789,-1,-1); //Monster
AddStaticVehicle(444,2682.21118164,-2875.34277344,22.59268951,59.99633789,-1,-1); //Monster
AddStaticVehicle(447,2641.34863281,-2890.18481445,27.18493271,300.00000000,-1,-1); //Seasparrow
AddStaticVehicle(447,2858.76123047,-3289.98168945,31.70795441,299.99816895,-1,-1); //Seasparrow
AddStaticVehicle(400,2874.79125977,-3270.08642578,18.88381958,170.00000000,-1,-1); //Landstalker
AddStaticVehicle(400,2835.40185547,-3251.93261719,39.30975342,297.99694824,-1,-1); //Landstalker
AddStaticVehicle(400,2807.01196289,-3131.39184570,19.63897133,67.99316406,-1,-1); //Landstalker

AddStaticVehicle(562,3276.7139,-1621.9778,26.1525,126.1667,116,1); //
AddStaticVehicle(562,3285.1882,-1623.2391,26.1551,121.3691,116,1); //
AddStaticVehicle(451,3254.0610,-1663.7351,26.2030,47.2916,16,16); //
AddStaticVehicle(558,3304.0742,-1626.7026,26.1276,217.4268,116,1); //


AddStaticVehicle(424,1480.6709,6363.5005,4.3080,152.0746,15,30); //
AddStaticVehicle(424,1373.8086,6346.3130,7.6516,95.4914,15,30); //


AddStaticVehicle(411,1201.5983,2229.8484,511.7124,163.9725,116,1); //
AddStaticVehicle(411,1193.5969,2201.9941,511.7124,163.9677,116,1); //
AddStaticVehicle(411,1174.9991,2206.4778,511.7124,343.9458,116,1); //
AddStaticVehicle(411,1183.2073,2235.0015,511.7124,343.9458,116,1); //

AddStaticVehicle(424,3901.9673,26.3220,23.3096,141.2574,24,53); //
AddStaticVehicle(424,3855.8972,166.0624,6.2790,347.0544,24,53); //
AddStaticVehicle(424,4020.5381,228.0769,20.0119,138.5589,24,53); //

AddStaticVehicle(585,2451.1360,-1965.1741,13.1343,88.9980,62,62); // Emmet Car


AddStaticVehicle(602,2497.0339,-1756.2040,13.2654,0.8062,75,77); //
AddStaticVehicle(602,2493.2590,-1756.1741,13.2973,2.8011,75,77); //
AddStaticVehicle(602,2436.7412,-1739.4725,13.5094,91.6752,75,77); //
AddStaticVehicle(445,2253.8667,-1764.7648,13.4218,269.6276,37,37); //
AddStaticVehicle(445,2118.3367,-1783.0023,13.2628,181.9829,37,37); //
AddStaticVehicle(522,2065.8567,-1921.2094,13.1124,1.9333,3,8); //
AddStaticVehicle(522,1977.9935,-1924.6952,13.1082,87.1948,3,8); //
AddStaticVehicle(522,1864.9543,-1924.6060,13.1104,90.9735,3,8); //
AddStaticVehicle(567,1807.2318,-1917.2734,13.3483,180.2279,88,64); //
AddStaticVehicle(567,1787.1418,-1936.1990,13.3745,90.5971,88,64); //
AddStaticVehicle(534,1774.0491,-1916.1713,13.1898,182.8882,42,42); //
AddStaticVehicle(534,1838.1477,-1871.1531,13.1134,359.2786,42,42); //
AddStaticVehicle(420,1792.5763,-1860.4681,13.2688,89.5789,6,1); //
AddStaticVehicle(420,1771.9432,-1860.4591,13.2726,88.1922,6,1); //
AddStaticVehicle(420,1743.3246,-1860.6080,13.2694,88.9604,6,1); //
AddStaticVehicle(499,1614.6542,-1891.5050,13.5419,0.1469,109,32); //
AddStaticVehicle(609,1638.2585,-1905.2557,13.6142,185.1090,36,36); //
AddStaticVehicle(609,1523.0602,-1923.5670,16.0453,179.7659,36,36); //
AddStaticVehicle(492,1560.1683,-2257.4651,13.3294,271.0464,81,27); //
AddStaticVehicle(543,1559.9255,-2247.6714,13.3707,268.9091,67,8); //
AddStaticVehicle(426,1560.2119,-2237.9124,13.2904,269.7457,62,62); //
AddStaticVehicle(445,1552.8522,-2212.0559,13.4295,359.9136,41,41); //
AddStaticVehicle(534,1546.1812,-2211.8899,13.2776,178.0406,62,62); //
AddStaticVehicle(534,1508.7911,-2211.6428,13.2762,1.2120,62,62); //
AddStaticVehicle(534,1447.9113,-2224.6167,13.2707,178.8056,62,62); //
AddStaticVehicle(466,1394.8469,-2242.9187,13.2887,359.7408,68,76); //
AddStaticVehicle(466,1407.8579,-2312.6392,13.2887,179.8340,68,76); //
AddStaticVehicle(463,1411.1702,-2329.3953,13.0868,179.0351,7,7); //
AddStaticVehicle(463,1401.5316,-2346.3706,13.0792,178.2043,7,7); //
AddStaticVehicle(521,1395.0150,-2363.8057,13.1189,179.0610,75,13); //
AddStaticVehicle(521,1366.3497,-2365.7168,13.1128,91.3732,75,13); //
AddStaticVehicle(521,-2032.3407,153.5301,28.6181,0.4307,75,13); //
AddStaticVehicle(411,-1920.3308,303.6569,40.7740,90.5470,123,1); //
AddStaticVehicle(411,-2171.0708,214.9363,35.0474,90.2041,123,1); //
AddStaticVehicle(468,-2244.0005,191.3002,34.9859,180.3572,46,46); //
AddStaticVehicle(468,-2250.8672,362.2140,32.9103,22.1153,46,46); //
AddStaticVehicle(468,-2358.1599,490.3965,30.5596,20.0941,46,46); //
AddStaticVehicle(416,-2640.1460,605.1476,14.6030,179.0897,1,3); //
AddStaticVehicle(416,-2658.2603,605.9265,14.6008,1.3799,1,3); //
AddStaticVehicle(416,-2680.4958,608.1239,14.6052,180.5572,1,3); //
AddStaticVehicle(424,-2654.4448,576.0018,14.3915,268.7846,3,2); //
AddStaticVehicle(424,-2624.4849,575.6627,14.3890,269.9749,3,2); //
AddStaticVehicle(445,-2543.6243,593.2451,14.3280,269.7321,43,43); //
AddStaticVehicle(510,-2542.9866,598.7222,14.0603,93.1520,6,6); //
AddStaticVehicle(521,-2543.5371,604.9174,14.0256,89.5608,87,118); //
AddStaticVehicle(416,-2572.5132,642.5728,14.6070,91.6852,1,3); //
AddStaticVehicle(416,-2588.2910,621.6573,14.6059,180.5642,1,3); //
AddStaticVehicle(416,-2623.0544,629.8054,14.6025,87.7769,1,3); //
AddStaticVehicle(416,2182.8118,988.8761,10.9679,359.8061,1,3); //
AddStaticVehicle(568,2113.3091,927.8159,10.6838,269.8390,41,29); //
AddStaticVehicle(568,2039.8762,1049.9017,10.5375,0.3617,41,29); //
AddStaticVehicle(533,2040.1818,1129.0675,10.3810,359.8176,74,1); //
AddStaticVehicle(533,2074.9092,1175.0010,10.3851,359.2505,74,1); //
AddStaticVehicle(533,2074.4353,1240.9900,10.3811,359.9771,74,1); //
AddStaticVehicle(533,2039.9506,1329.2300,10.3810,0.9048,74,1); //
AddStaticVehicle(533,2022.6545,1470.4907,10.4295,319.6736,74,1); //
AddStaticVehicle(533,2040.2216,1657.9763,10.3811,358.0918,74,1); //
AddStaticVehicle(533,1666.8510,1720.7129,10.5331,89.3021,74,1); //
AddStaticVehicle(416,1620.3168,1850.8643,10.9694,2.0784,1,3); //
AddStaticVehicle(416,1609.8507,1831.0503,10.9695,179.5399,1,3); //
AddStaticVehicle(416,1597.8616,1850.3674,10.9665,179.5430,1,3); //
AddStaticVehicle(416,963.9952,2415.9260,10.9694,3.4081,1,3); //
AddStaticVehicle(602,963.1375,2412.9517,10.6267,358.0307,45,45); //
AddStaticVehicle(602,953.4510,2468.3018,10.5780,177.6822,45,45); //
AddStaticVehicle(424,2210.9341,1294.1344,10.6027,270.2091,3,6); //
AddStaticVehicle(522,2213.8345,1276.5203,10.3716,264.8617,8,82); //
AddStaticVehicle(522,2220.3877,1261.9128,10.3821,183.1527,8,82); //
AddStaticVehicle(445,2234.6472,1251.1957,10.6953,180.9137,47,47); //
AddStaticVehicle(522,2464.5872,-2636.0100,13.2221,181.8892,39,106); //
AddStaticVehicle(522,2458.6499,-2635.0637,13.2412,180.0351,39,106); //
AddStaticVehicle(486,2499.5891,-2635.5933,13.8696,85.8642,1,1); //
AddStaticVehicle(602,-2921.2190,-195.8227,10.4679,268.2895,13,1); //
AddStaticVehicle(602,-2904.6667,-185.3803,10.4473,174.8150,13,1); //
AddStaticVehicle(429,-2151.3845,-407.7255,35.0173,134.1844,1,2); //
AddStaticVehicle(521,-2144.2437,-422.1025,34.8984,67.3636,25,118); //
AddStaticVehicle(494,-2116.1785,-410.0398,35.4274,342.0904,42,33); //
AddStaticVehicle(494,-2209.7656,-378.5301,35.3627,93.9453,42,33); //
AddStaticVehicle(493,-1447.7931,495.9402,-0.1357,93.0427,36,13); //
AddStaticVehicle(452,-1442.0500,505.6939,-0.4473,92.0273,1,57); //
AddStaticVehicle(419,1363.1290,263.3318,19.3621,63.3796,47,76); //
AddStaticVehicle(585,1355.5004,245.5232,19.1510,245.9580,42,42); //
AddStaticVehicle(480,-2501.8445,-602.0029,132.3344,180.0516,6,6); //
AddStaticVehicle(480,-2498.1729,-602.0804,132.3367,179.6281,6,6); //
AddStaticVehicle(487,1541.9279,-1351.2552,329.6484,87.4399,29,42); //
AddStaticVehicle(602,2277.8552,2460.2952,10.6268,179.4478,34,1); //
AddStaticVehicle(416,1176.5742,-1308.8206,14.0205,90.0844,1,3); //
AddStaticVehicle(416,1179.1466,-1338.2462,13.9700,271.4633,1,3); //

AddStaticVehicle(452,1042.76870000,-2460.48140000,0.00000000,0.00000000,-1,-1); //Speeder
AddStaticVehicle(452,1047.53300000,-2460.42020000,0.00000000,0.00000000,-1,-1); //Speeder
AddStaticVehicle(452,1052.18620000,-2460.34670000,0.00000000,0.00000000,-1,-1); //Speeder
AddStaticVehicle(452,1053.53220000,-2473.71510000,0.00000000,0.00000000,-1,-1); //Speeder


AddStaticVehicle(444,1961.4150,-278.4000,3.5520,12.0377,166,200); //
AddStaticVehicle(444,1965.9771,-277.3612,3.7044,13.3258,144,200); //
AddStaticVehicle(444,1970.3301,-276.2924,3.8501,13.2521,6,200); //
AddStaticVehicle(444,1975.0118,-275.2078,4.0077,13.5321,146,200); //
AddStaticVehicle(444,1979.6643,-274.0450,4.1611,13.4781,200,200); //


    AddStaticVehicle(557,2946.5291,-769.5744,7.8560,3.3762,1,1); //
AddStaticVehicle(557,2932.9856,-770.2197,7.8560,359.8620,1,1); //
AddStaticVehicle(557,2947.7251,-723.1943,7.8532,178.4613,1,1); //
AddStaticVehicle(557,2958.7561,-722.9690,7.8548,180.4852,1,1); //
AddStaticVehicle(557,2930.7642,-731.3467,7.8517,272.0359,1,1); //


AddStaticVehicle(480,-1719.9410,15.4736,3.3525,225.0135,53,53); //
AddStaticVehicle(480,-1714.0967,20.5674,3.3491,224.0214,53,53); //
AddStaticVehicle(568,-1692.9138,10.5413,3.4186,44.2360,37,0); //
AddStaticVehicle(411,-1701.8470,2.9375,3.2820,45.7873,75,1); //
AddStaticVehicle(522,-1698.3856,76.6449,3.1294,308.5724,8,82); //


AddStaticVehicle(568,1010.0430,-327.5658,73.8587,272.8703,37,0); //
AddStaticVehicle(568,1010.0435,-321.2678,73.8568,276.4361,37,0); //
AddStaticVehicle(402,1019.5037,-311.1319,73.8247,180.0889,90,90); //
AddStaticVehicle(480,1045.5400,-313.4047,73.7660,183.0258,2,2); //
AddStaticVehicle(411,1074.0695,-288.3355,73.7154,175.5468,123,1); //
AddStaticVehicle(411,1012.5123,-354.1858,73.7193,356.3422,123,1); //


AddStaticVehicle(452,-807.5596,1802.5951,-0.5299,279.4167,1,16); //
AddStaticVehicle(452,-802.4103,1790.6837,-0.4368,281.4664,1,16); //
AddStaticVehicle(452,-794.5348,1832.6951,-0.5403,276.8434,1,16); //
AddStaticVehicle(452,-795.7471,1840.8007,-0.4875,283.7704,1,16); //
AddStaticVehicle(452,-797.4442,1854.3009,-0.5259,281.8022,1,16); //
AddStaticVehicle(452,-801.9332,1873.6044,-0.4860,281.8745,1,16); //
AddStaticVehicle(452,-805.3044,1893.9504,-0.4302,277.8409,1,16); //
AddStaticVehicle(452,-810.1217,1914.1058,-0.4941,282.8898,1,16); //
AddStaticVehicle(452,-812.3256,1926.4744,-0.4304,283.2963,1,16); //
AddStaticVehicle(452,-925.7874,1640.7089,-0.4720,285.6307,1,16); //
AddStaticVehicle(452,-953.6116,1658.3616,-0.4679,252.2179,1,16); //
AddStaticVehicle(452,-842.7626,1370.9799,-0.4553,290.3444,1,16); //
AddStaticVehicle(452,-755.0182,1358.3420,-0.4913,270.3565,1,16); //

AddStaticVehicle(490,604.88653564,-1493.69799805,15.26733875,180.00000000,-1,-1); //FBI Rancher
AddStaticVehicle(490,608.62628174,-1493.69799805,15.19517231,180.00000000,-1,-1); //FBI Rancher
AddStaticVehicle(490,601.06530762,-1493.69799805,15.37568760,180.00000000,-1,-1); //FBI Rancher
AddStaticVehicle(427,593.64788818,-1493.69799805,15.51531887,180.00000000,-1,1); //Enforcer
AddStaticVehicle(601,587.62817383,-1506.57983398,15.24921322,270.00000000,-1,-1); //S.W.A.T. Van
AddStaticVehicle(528,596.54797363,-1519.91528320,15.24002457,0.00000000,-1,-1); //FBI Truck
AddStaticVehicle(490,604.88653564,-1493.69799805,15.26733875,180.00000000,-1,-1); //FBI Rancher
AddStaticVehicle(490,608.62628174,-1493.69799805,15.19517231,180.00000000,-1,-1); //FBI Rancher
AddStaticVehicle(490,601.06530762,-1493.69799805,15.37568760,180.00000000,-1,-1); //FBI Rancher
AddStaticVehicle(427,593.64788818,-1493.69799805,15.51531887,180.00000000,-1,1); //Enforcer
AddStaticVehicle(601,587.62817383,-1506.57983398,15.24921322,270.00000000,-1,-1); //S.W.A.T. Van
AddStaticVehicle(528,596.54797363,-1519.91528320,15.24002457,0.00000000,-1,-1); //FBI Truck
AddStaticVehicle(411,1131.00000000,490.00000000,-1725.00000000,0.00000000,-1,-1); //Infernus
AddStaticVehicle(411,1131.36050000,-1726.16890000,13.00000000,0.00000000,-1,-1); //Infernus
AddStaticVehicle(411,1127.48160000,-1726.17310000,13.00000000,0.00000000,-1,-1); //Infernus
AddStaticVehicle(411,1123.45080000,-1726.03750000,13.00000000,0.00000000,-1,-1); //Infernus
AddStaticVehicle(411,1119.42710000,-1725.94450000,13.00000000,0.00000000,-1,-1); //Infernus
AddStaticVehicle(402,822.9440,-2051.1667,12.6987,270.2828,87,112); //
AddStaticVehicle(402,823.1069,-2063.6389,12.6988,269.3610,17,74); //
AddStaticVehicle(567,849.5934,-2045.9919,12.7380,89.8175,34,44); //
AddStaticVehicle(567,849.4302,-2053.2354,12.7371,90.0675,17,67); //
AddStaticVehicle(411,850.0640,-2064.1338,12.5943,91.3035,123,49); //
AddStaticVehicle(471,736.9781,-2702.0349,19.4918,319.3385,6,2); //
AddStaticVehicle(471,740.5529,-2703.8606,19.2331,310.7214,6,2); //
AddStaticVehicle(471,743.0491,-2707.8191,19.3407,294.9445,6,2); //
AddStaticVehicle(471,750.8391,-2708.7585,18.4428,354.8474,6,2); //
AddStaticVehicle(471,759.0461,-2707.1543,16.4637,357.2715,6,2); //
AddStaticVehicle(471,757.7806,-2667.6667,13.7610,261.2253,6,2); //
AddStaticVehicle(471,752.6179,-2670.5820,14.7733,273.2320,6,2); //
AddStaticVehicle(444,902.8359,-2733.0164,13.5745,36.6672,3,1); //
AddStaticVehicle(444,897.1747,-2739.1379,12.7437,7.3026,3,1); //
AddStaticVehicle(444,889.0508,-2738.5115,13.2252,338.7731,3,1); //
AddStaticVehicle(539,856.1257,-2774.1377,16.2151,144.0649,3,1); //
AddStaticVehicle(539,857.0035,-2767.6536,16.2158,176.0189,3,1); //
AddStaticVehicle(539,856.2672,-2762.6060,16.2134,194.7473,3,1); //
AddStaticVehicle(454,822.2581,-2867.8159,0.3490,176.2051,1,1); //
AddStaticVehicle(452,859.2634,-2869.8569,-0.9556,180.2853,1,1); //
AddStaticVehicle(405,2828.19848633,-1165.18969727,25.01179123,270.00000000,106,1); //Sentinel
AddStaticVehicle(405,2828.20239258,-1170.72741699,24.99519539,270.00000000,106,1); //Sentinel
AddStaticVehicle(482,2828.41210938,-1202.35400391,24.98924637,0.00000000,93,1); //Burrito
AddStaticVehicle(576,2827.07958984,-1194.13342285,24.76642799,0.00000000,93,1); //Tornado
AddStaticVehicle(576,2836.24023438,-1206.66210938,23.68159866,0.00000000,93,1); //Tornado
AddStaticVehicle(560,2179.13867188,-1696.61328125,13.52297688,0.00000000,18,1); //Sultan
AddStaticVehicle(527,2179.31933594,-1688.86425781,13.60169411,0.00000000,18,1); //Cadrona
AddStaticVehicle(527,2186.56079102,-1656.82226562,14.96661663,0.00000000,18,1); //Cadrona
AddStaticVehicle(560,2178.12353516,-1716.16247559,13.31416702,0.00000000,18,1); //Sultan
AddStaticVehicle(454,-964.54140000,803.05030000,0.00000000,0.00000000,-1,-1); //Tropic
AddStaticVehicle(454,-974.17290000,796.53390000,0.00000000,0.00000000,-1,-1); //Tropic
AddStaticVehicle(454,-983.30910000,788.50100000,0.00000000,0.00000000,-1,-1); //Tropic
AddStaticVehicle(452,-939.49030000,824.67290000,0.00000000,0.00000000,-1,-1); //Speeder
AddStaticVehicle(452,-937.94590000,837.45180000,0.00000000,0.00000000,-1,-1); //Speeder
AddStaticVehicle(452,-932.47870000,848.12080000,0.00000000,0.00000000,-1,-1); //Speeder
AddStaticVehicle(452,-927.35300000,856.92860000,0.00000000,0.00000000,-1,-1); //Speeder
AddStaticVehicle(401,-969.02320000,780.51680000,4.70000000,0.00000000,-1,-1); //Bravura
AddStaticVehicle(401,-962.08360000,787.11130000,4.70000000,0.00000000,-1,-1); //Bravura
AddStaticVehicle(444,-1796.49010000,573.22530000,234.00000000,180.00000000,-1,-1); //Monster
AddStaticVehicle(444,-1802.00050000,573.21780000,234.00000000,180.00000000,-1,-1); //Monster
AddStaticVehicle(444,-1807.91820000,573.40230000,234.00000000,180.00000000,-1,-1); //Monster
AddStaticVehicle(444,-1813.76320000,573.46890000,234.00000000,180.00000000,-1,-1); //Monster
AddStaticVehicle(444,-1818.85380000,573.54060000,234.00000000,180.00000000,-1,-1); //Monster
AddStaticVehicle(444,-1788.62930000,561.61250000,234.00000000,60.00000000,-1,-1); //Monster
AddStaticVehicle(444,-1791.71670000,556.25750000,234.00000000,60.00000000,-1,-1); //Monster
AddStaticVehicle(444,-1794.35560000,551.64900000,234.00000000,60.00000000,-1,-1); //Monster
AddStaticVehicle(444,-1797.13280000,546.91710000,234.00000000,60.00000000,-1,-1); //Monster
AddStaticVehicle(444,-1799.81820000,542.23650000,234.00000000,60.00000000,-1,-1); //Monster
AddStaticVehicle(444,-1814.50010000,542.03890000,234.00000000,-60.00000000,-1,-1); //Monster
AddStaticVehicle(444,-1816.70590000,546.23140000,234.00000000,-60.00000000,-1,-1); //Monster
AddStaticVehicle(444,-1819.60000000,551.00730000,234.00000000,-60.00000000,-1,-1); //Monster
AddStaticVehicle(444,-1822.20190000,555.45860000,234.00000000,-60.00000000,-1,-1); //Monster
AddStaticVehicle(444,-1825.05190000,560.38700000,234.00000000,-60.00000000,-1,-1); //Monster
AddStaticVehicle(411,2761.57420000,3299.80760000,12.00000000,90.00000000,-1,-1); //Infernus
AddStaticVehicle(411,2769.57130000,3299.92260000,12.00000000,90.00000000,-1,-1); //Infernus
AddStaticVehicle(411,2777.10820000,3299.62350000,12.00000000,90.00000000,-1,-1); //Infernus
AddStaticVehicle(411,2784.02590000,3299.90550000,12.00000000,90.00000000,-1,-1); //Infernus
AddStaticVehicle(483,867.52940000,-1494.43290000,13.50000000,0.00000000,-1,-1); //Camper
AddStaticVehicle(483,864.91010000,-1494.30640000,13.50000000,0.00000000,-1,-1); //Camper
AddStaticVehicle(483,862.31360000,-1494.10250000,13.50000000,0.00000000,-1,-1); //Camper
AddStaticVehicle(571,2361.04520000,596.89890000,7.00000000,90.00000000,-1,-1); //Kart
AddStaticVehicle(571,2358.05790000,596.84090000,7.00000000,90.00000000,-1,-1); //Kart
AddStaticVehicle(571,2360.97220000,593.48660000,7.00000000,90.00000000,-1,-1); //Kart
AddStaticVehicle(571,2357.88650000,593.50090000,7.00000000,90.00000000,-1,-1); //Kart
AddStaticVehicle(571,2357.90720000,590.10600000,7.00000000,90.00000000,-1,-1); //Kart
AddStaticVehicle(571,2360.96360000,590.12490000,7.00000000,90.00000000,-1,-1); //Kart
AddStaticVehicle(571,2360.85620000,586.72720000,7.00000000,90.00000000,-1,-1); //Kart
AddStaticVehicle(571,2357.95000000,586.76510000,7.00000000,90.00000000,-1,-1); //Kart
AddStaticVehicle(597,2358.80590000,582.81660000,7.00000000,90.00000000,-1,-1); //Police Car (SFPD)
AddStaticVehicle(560,1377.65270000,1815.13230000,10.00000000,0.00000000,-1,-1); //Sultan
AddStaticVehicle(558,2158.68800000,-1638.62040000,14.00000000,69.00000000,-1,-1); //Uranus
AddStaticVehicle(543,2054.20970000,-1694.58510000,14.00000000,270.00000000,-1,-1); //Sadler
AddStaticVehicle(543,2058.82130000,-1677.94420000,14.00000000,270.00000000,-1,-1); //Sadler
AddStaticVehicle(500,2081.76320000,-1939.99430000,14.00000000,90.00000000,-1,-1); //Mesa
AddStaticVehicle(500,2046.68470000,-1943.81930000,14.00000000,90.00000000,-1,-1); //Mesa
AddStaticVehicle(552,1897.42600000,-1940.30470000,13.00000000,90.00000000,-1,-1); //Utility
AddStaticVehicle(535,1359.72050000,-1749.93210000,13.00000000,0.00000000,-1,-1); //Slamvan
AddStaticVehicle(561,1242.10740000,-1719.26450000,14.00000000,90.00000000,-1,-1); //Stratum
AddStaticVehicle(534,1030.19230000,-1720.31880000,13.00000000,0.00000000,-1,-1); //Remington
AddStaticVehicle(534,1030.15730000,-1633.02940000,13.00000000,0.00000000,-1,-1); //Remington
AddStaticVehicle(517,964.13570000,-1579.54410000,13.00000000,90.00000000,-1,-1); //Majestic
AddStaticVehicle(517,897.72130000,-1580.00660000,13.00000000,90.00000000,-1,-1); //Majestic
AddStaticVehicle(506,781.86790000,-1634.01460000,13.00000000,90.00000000,-1,-1); //Super GT
AddStaticVehicle(506,782.51760000,-1626.62730000,13.00000000,90.00000000,-1,-1); //Super GT
AddStaticVehicle(506,724.28160000,-1594.30160000,14.00000000,90.00000000,-1,-1); //Super GT
AddStaticVehicle(565,518.81340000,-1618.14510000,17.00000000,0.00000000,-1,-1); //Flash
AddStaticVehicle(565,518.26290000,-1645.66050000,17.00000000,0.00000000,-1,-1); //Flash
AddStaticVehicle(458,618.77220000,-1703.10230000,15.00000000,0.00000000,-1,-1); //Solair
AddStaticVehicle(458,619.90550000,-1693.42110000,15.00000000,0.00000000,-1,-1); //Solair
AddStaticVehicle(482,655.41030000,-1765.31260000,13.00000000,0.00000000,-1,-1); //Burrito
AddStaticVehicle(482,651.91300000,-1764.78470000,13.00000000,0.00000000,-1,-1); //Burrito
AddStaticVehicle(482,648.69070000,-1764.13930000,13.00000000,0.00000000,-1,-1); //Burrito
AddStaticVehicle(560,2330.40990000,999.76910000,11.00000000,90.00000000,-1,-1); //Sultan
AddStaticVehicle(470,89.30259705,1707.67590332,17.75063705,267.99499512,-1,-1); //Patriot
AddStaticVehicle(470,89.54007721,1715.04504395,17.75063705,267.99499512,-1,-1); //Patriot
AddStaticVehicle(433,91.65917969,1725.01855469,18.21062469,309.99572754,-1,-1); //Barracks
AddStaticVehicle(425,156.16238403,1718.53576660,18.49162483,50.00000000,-1,-1); //Hunter
AddStaticVehicle(425,153.58071899,1701.35559082,18.49162483,49.99877930,-1,-1); //Hunter
AddStaticVehicle(433,122.38558960,1737.80517578,18.21062469,141.99548340,-1,-1); //Barracks
AddStaticVehicle(433,129.66238403,1735.15954590,18.21062469,141.99279785,-1,-1); //Barracks
AddStaticVehicle(427,1601.87255859,-1683.81884766,6.13862514,90.00000000,-1,1); //Enforcer
AddStaticVehicle(507,1536.86401367,-1686.49060059,13.49687481,0.00000000,-1,-1); //Elegant
AddStaticVehicle(507,1536.51672363,-1693.89392090,13.49687481,0.00000000,-1,-1); //Elegant
AddStaticVehicle(575,1574.12194824,-1606.03674316,13.12281227,0.00000000,-1,-1); //Broadway
AddStaticVehicle(455,2275.05493164,2424.08935547,11.39031219,0.00000000,-1,-1); //Flatbed
AddStaticVehicle(427,703.09033203,-1478.55590820,5.71675014,0.00000000,-1,-1); //Enforcer
AddStaticVehicle(427,-1588.17517090,748.57666016,-4.99418736,0.00000000,-1,-1); //Enforcer
AddStaticVehicle(427,-1592.42956543,748.35119629,-4.99418736,0.00000000,-1,-1); //Enforcer
AddStaticVehicle(427,-1595.81066895,748.46124268,-4.99418736,0.00000000,-1,-1); //Enforcer
AddStaticVehicle(431,-1627.28723145,656.02642822,-4.99218750,0.00000000,-1,-1); //Bus
AddStaticVehicle(470,-1568.23559570,710.09460449,-4.79623842,0.00000000,-1,-1); //Patriot
AddStaticVehicle(532,732.31250000,-114.28027344,22.10971832,1.99951172,-1,-1); //Combine
AddStaticVehicle(532,723.26043701,-114.80392456,22.10971832,1.99951172,-1,-1); //Combine
AddStaticVehicle(609,727.05303955,-127.12979889,21.19417572,0.00000000,-1,-1); //Boxville
AddStaticVehicle(499,721.06549072,-126.66499329,21.09097672,0.00000000,-1,-1); //Benson
AddStaticVehicle(463,747.53631592,-118.52293396,21.50051880,0.00000000,-1,-1); //Freeway
AddStaticVehicle(427,-1901.26123047,-1680.23547363,23.26362419,0.00000000,-1,1); //Enforcer
AddStaticVehicle(427,-1905.23693848,-1680.25793457,23.26362419,0.00000000,-1,1); //Enforcer
AddStaticVehicle(427,-1909.44763184,-1680.41198730,23.26362419,0.00000000,-1,1); //Enforcer
AddStaticVehicle(568,-2301.59912109,206.04969788,35.28749847,180.00000000,-1,1); //Bandito
AddStaticVehicle(431,-1993.31164551,140.52328491,27.78906250,0.00000000,-1,-1); //Bus
AddStaticVehicle(431,-1993.54956055,156.91525269,27.78906250,0.00000000,-1,-1); //Bus
AddStaticVehicle(445,-84.78811646,-1170.38806152,2.26123810,0.00000000,-1,-1); //Admiral
AddStaticVehicle(426,-2034.46337891,178.11106873,28.66293144,90.00000000,-1,-1); //Premier
AddStaticVehicle(405,-2038.70605469,167.75292969,29.91469002,0.00000000,-1,-1); //Sentinel
AddStaticVehicle(534,149.98767090,138.36779785,441.74523926,0.00000000,-1,-1); //Remington
AddStaticVehicle(426,1905.69958496,-1051.87744141,23.75578690,0.00000000,-1,-1); //Premier
AddStaticVehicle(426,1901.66198730,-1051.61718750,23.71989250,0.00000000,-1,-1); //Premier
AddStaticVehicle(410,1909.13293457,-1052.43164062,23.72939873,0.00000000,-1,-1); //Manana
AddStaticVehicle(401,1023.77716064,719.92034912,12.80176735,0.00000000,-1,-1); //Bravura
AddStaticVehicle(429,1019.96142578,720.03228760,12.66364288,0.00000000,-1,-1); //Banshee
AddStaticVehicle(407,1015.63165283,719.03662109,13.44534969,0.00000000,-1,-1); //Firetruck
AddStaticVehicle(552,1352.77050781,785.46411133,10.59722042,90.00000000,-1,-1); //Utility
AddStaticVehicle(443,1346.52844238,789.33276367,11.57070732,90.00000000,-1,-1); //Packer
AddStaticVehicle(456,1346.24072266,768.25927734,10.92187500,0.00000000,-1,-1); //Yankee
AddStaticVehicle(576,2188.49243164,-1806.71618652,13.12226295,0.00000000,3,1); //Tornado
AddStaticVehicle(576,2184.65112305,-1806.55883789,13.12210941,0.00000000,3,96); //Tornado
AddStaticVehicle(576,2180.98803711,-1806.50744629,13.12205887,0.00000000,3,96); //Tornado

AddStaticVehicle(451,640.2463,-1354.6821,13.1170,89.8464,-1,-1); //
AddStaticVehicle(411,624.7905,-1354.9097,13.1214,270.5389,80,1); //
AddStaticVehicle(411,624.7001,-1359.5165,13.1453,269.1880,75,1); //
AddStaticVehicle(411,640.3085,-1359.6646,13.1497,89.8861,12,1); //
AddStaticVehicle(411,640.3661,-1364.7312,13.1770,89.9230,64,1); //
AddStaticVehicle(411,624.6689,-1364.7223,13.1769,269.3452,123,1); //
AddStaticVehicle(541,624.7679,-1369.1450,13.0987,269.8406,3,200); //
AddStaticVehicle(541,640.4854,-1368.9878,13.0976,91.0553,6,200); //
AddStaticVehicle(451,640.4237,-1373.2252,13.2024,90.5603,125,125); //
AddStaticVehicle(451,624.8223,-1373.3730,13.2025,269.0978,36,36); //
AddStaticVehicle(494,640.1274,-1377.3044,13.4145,89.8390,36,117); //
AddStaticVehicle(494,640.0574,-1381.0909,13.4370,89.9472,3,200); //
AddStaticVehicle(494,624.8666,-1377.4352,13.4138,269.1359,8,200); //
AddStaticVehicle(494,625.4907,-1381.4512,13.4353,270.4148,7,3); //

AddStaticVehicle(571, 906.4946, -1941.7421, 1.0649, 360, -1, -1); //spawnpoint
AddStaticVehicle(571, 909.2246, -1941.7662, 1.0649, 360, -1, -1); //spawnpoint (1)
AddStaticVehicle(571, 911.9996, -1941.8854, 1.0649, 360, -1, -1); //spawnpoint (2)
AddStaticVehicle(571, 914.2792, -1941.9635, 1.0649, 360, -1, -1); //spawnpoint (3)
AddStaticVehicle(571, 916.5593, -1942.1024, 1.0649, 360, -1, -1); //spawnpoint (4)
AddStaticVehicle(571, 919.0052, -1942.0658, 1.0649, 360, -1, -1); //spawnpoint (5)
AddStaticVehicle(571, 920.6995, -1945.0579, 1.0649, 271, -1, -1); //spawnpoint (6)
AddStaticVehicle(571, 920.5988, -1947.5002, 1.0649, 271, -1, -1); //spawnpoint (7)
AddStaticVehicle(571, 914.9825, -1947.7571, 1.0649, 271, -1, -1); //spawnpoint (8)
AddStaticVehicle(571, 905.5509, -1945.2018, 1.0649, 360, -1, -1); //spawnpoint (9)
AddStaticVehicle(571, 905.9077, -1948.9052, 1.0649, 360, -1, -1); //spawnpoint (10)
AddStaticVehicle(571, 905.8852, -1951.9493, 1.0649, 360, -1, -1); //spawnpoint (11)

AddStaticVehicle(515,-564.51490000,-500.12740000,26.53700000,359.19290000,-1,-1); //Roadtrain
AddStaticVehicle(515,-572.77510000,-500.25340000,26.54010000,0.33210000,-1,-1); //Roadtrain
AddStaticVehicle(515,-581.27330000,-500.30820000,26.53800000,358.91120000,-1,-1); //Roadtrain
AddStaticVehicle(403,-550.55180000,-500.61390000,26.12810000,0.13090000,-1,-1); //Linerunner
AddStaticVehicle(403,-543.45530000,-500.29010000,26.12660000,359.86930000,-1,-1); //Linerunner
AddStaticVehicle(403,-536.47230000,-500.40160000,26.12520000,359.85800000,-1,-1); //Linerunner
AddStaticVehicle(435,-605.78610000,-492.42970000,25.65670000,269.08810000,-1,-1); //Trailer 1
AddStaticVehicle(435,-605.92790000,-485.48960000,25.65680000,269.54030000,-1,-1); //Trailer 1
AddStaticVehicle(435,-605.86690000,-478.48620000,25.65540000,270.14360000,-1,-1); //Trailer 1
AddStaticVehicle(435,-605.94810000,-471.43100000,25.65530000,268.28790000,-1,-1); //Trailer 1
AddStaticVehicle(435,-473.20580000,-484.75770000,25.65400000,90.22830000,-1,-1); //Trailer 1
AddStaticVehicle(435,-473.11170000,-493.64170000,25.65120000,90.44200000,-1,-1); //Trailer 1


AddStaticVehicle(520,351.4960,1925.4012,18.3639,87.2017,0,0); // Hydra Wojsko
AddStaticVehicle(520,351.6192,1910.7729,18.3639,90.2866,0,0); // Hydra Wojsko
AddStaticVehicle(548,334.0157,1869.6167,19.3296,94.0956,1,1); // Heli Wojsko
AddStaticVehicle(417,332.5014,1888.8865,17.7559,88.5545,0,0); // Heli Wojsko
AddStaticVehicle(432,291.1208,1861.4777,17.6510,241.2559,43,0); // Rhino Wojsko
AddStaticVehicle(432,291.2054,1869.8365,17.6506,240.9489,43,0); // Rhino Wojsko
AddStaticVehicle(432,291.6090,1878.6445,17.6458,243.4386,43,0); // Rhino Wojsko
AddStaticVehicle(432,291.5845,1887.0879,17.6499,244.2620,43,0); // Rhino Wojsko
AddStaticVehicle(476,304.4435,2054.2012,18.3481,180.2306,77,87); // Samolot Wojsko
AddStaticVehicle(476,304.2132,2067.9873,18.3555,180.3011,55,98); // Samolot Wojsko
AddStaticVehicle(476,287.1883,2066.3909,18.3486,223.1302,119,117); // Samolot Wojsko
AddStaticVehicle(476,287.5731,2049.3020,18.3253,235.2871,89,91); // Samolot Wojsko
AddStaticVehicle(601,276.0472,1982.1896,17.4013,272.0587,1,1); // SWAT Wojsko
AddStaticVehicle(601,280.0000,1989.2402,17.4013,271.6898,1,1); // SWAT Wojsko
AddStaticVehicle(601,275.5876,1995.7145,17.4014,270.8627,1,1); // SWAT Wojsko
AddStaticVehicle(487,2106.3428,954.8398,15.9115,50.6448,149,144); // Heli LV
AddStaticVehicle(487,2097.6575,1159.5233,24.7391,21.0661,149,144); // Heli LV
AddStaticVehicle(487,2201.7500,2001.0808,16.9147,33.6504,149,144); // Heli LV
AddStaticVehicle(416,-321.4528,1059.0894,19.8917,1.6873,1,3); // Ambulance
AddStaticVehicle(416,2032.9642,-1434.9910,17.3551,180.5149,1,3); //
AddStaticVehicle(480,2179.56790000,987.55690000,10.59280000,359.97200000,-1,-1); //Comet
AddStaticVehicle(480,2100.78080000,1408.53000000,10.59460000,179.61720000,-1,-1); //Comet
AddStaticVehicle(407,1750.55550000,2076.26220000,11.05300000,179.80840000,-1,-1); //Firetruck
AddStaticVehicle(407,1757.21700000,2076.43700000,11.05620000,179.76200000,-1,-1); //Firetruck
AddStaticVehicle(566,2142.14180000,1019.36020000,10.60200000,89.31540000,-1,-1); //Tahoma
AddStaticVehicle(566,2075.18460000,1264.46450000,10.45580000,0.00510000,-1,-1); //Tahoma
AddStaticVehicle(566,2183.23000000,1799.99780000,10.60050000,180.70020000,-1,-1); //Tahoma
AddStaticVehicle(566,2186.54710000,2000.33260000,10.60390000,269.96300000,-1,-1); //Tahoma
AddStaticVehicle(420,2188.05960000,1977.92710000,10.60080000,359.14130000,-1,-1); //Taxi
AddStaticVehicle(437,2133.97310000,1050.50050000,10.93630000,126.80120000,-1,-1); //Coach
AddStaticVehicle(437,2119.33740000,1039.85990000,10.93810000,124.04810000,-1,-1); //Coach
AddStaticVehicle(515,2623.73290000,1119.22360000,11.83440000,180.44530000,-1,-1); //Roadtrain
AddStaticVehicle(562,2300.95510000,1462.25000000,10.48050000,269.04660000,-1,-1); //Elegy
AddStaticVehicle(560,2333.52640000,1469.35610000,10.52470000,88.49360000,-1,-1); //Sultan
AddStaticVehicle(541,2333.07980000,1419.34750000,10.44530000,91.09650000,-1,-1); //Bullet
AddStaticVehicle(562,2282.37010000,1388.26100000,42.48040000,0.33310000,-1,-1); //Elegy
AddStaticVehicle(562,2289.11670000,1388.09990000,42.48020000,0.06130000,-1,-1); //Elegy
AddStaticVehicle(451,2295.72510000,1388.54410000,42.52650000,359.78640000,-1,-1); //Turismo
AddStaticVehicle(451,2302.37570000,1388.59690000,42.52600000,358.42780000,-1,-1); //Turismo
AddStaticVehicle(541,2309.21830000,1388.56710000,42.44540000,0.70620000,-1,-1); //Bullet
AddStaticVehicle(556,2352.52120000,1422.84460000,43.19310000,91.01610000,-1,-1); //Monster A
AddStaticVehicle(444,2352.47920000,1430.02690000,43.18940000,89.93430000,-1,-1); //Monster
AddStaticVehicle(571,2300.11350000,1415.75150000,42.10410000,269.67160000,-1,-1); //Kart
AddStaticVehicle(571,2299.95530000,1419.27870000,42.10430000,270.62560000,-1,-1); //Kart
AddStaticVehicle(571,2300.12080000,1412.12670000,42.10410000,271.02180000,-1,-1); //Kart
AddStaticVehicle(571,2304.34160000,1419.41970000,42.10430000,270.76120000,-1,-1); //Kart
AddStaticVehicle(571,2304.55620000,1415.86600000,42.10410000,270.29580000,-1,-1); //Kart
AddStaticVehicle(571,2304.56590000,1412.12190000,42.10420000,267.82230000,-1,-1); //Kart
AddStaticVehicle(437,2304.19680000,1444.26370000,42.93990000,269.63420000,-1,-1); //Coach
AddStaticVehicle(437,2304.17240000,1455.18160000,42.93430000,269.91520000,-1,-1); //Coach
AddStaticVehicle(534,2129.62210000,1397.42790000,10.54260000,180.47400000,-1,-1); //Remington
AddStaticVehicle(477,2107.05960000,1397.83390000,10.55750000,357.58130000,-1,-1); //ZR-350
AddStaticVehicle(492,2188.98190000,2502.92680000,10.60210000,180.14580000,-1,-1); //Greenwood
AddStaticVehicle(467,2195.26900000,2503.03960000,10.56030000,358.66170000,-1,-1); //Oceanic
AddStaticVehicle(480,2153.45510000,2490.69510000,10.59240000,90.84820000,-1,-1); //Comet
AddStaticVehicle(506,2143.54610000,2468.84720000,10.52470000,0.07630000,-1,-1); //Super GT
AddStaticVehicle(560,2099.12300000,2479.52910000,10.52590000,359.58040000,-1,-1); //Sultan
AddStaticVehicle(491,2061.34520000,2479.92020000,10.57660000,358.83880000,-1,-1); //Virgo
AddStaticVehicle(522,2126.56670000,2468.78100000,10.37820000,179.19150000,-1,-1); //NRG-500
AddStaticVehicle(522,2153.33060000,2509.42600000,10.39580000,90.01500000,-1,-1); //NRG-500
AddStaticVehicle(562,2086.98930000,2416.44800000,10.47840000,88.68690000,-1,-1); //Elegy
AddStaticVehicle(417,1595.99340000,1630.70030000,10.90070000,178.11720000,-1,-1); //Leviathan
AddStaticVehicle(563,1571.21070000,1639.76280000,11.51800000,180.31670000,-1,-1); //Raindance
AddStaticVehicle(592,1565.96790000,1447.86050000,12.02200000,90.49260000,-1,-1); //Andromada
AddStaticVehicle(556,1610.08310000,1161.65830000,14.59470000,359.64420000,-1,-1); //Monster A
AddStaticVehicle(519,1579.66360000,1356.92850000,11.77600000,148.02810000,-1,-1); //Shamal
AddStaticVehicle(519,1593.29850000,1332.05710000,11.76010000,95.95200000,-1,-1); //Shamal
AddStaticVehicle(488,1332.16890000,1585.15590000,10.98910000,268.69270000,-1,-1); //News Chopper
AddStaticVehicle(488,1332.71640000,1607.84010000,10.99550000,266.05050000,-1,-1); //News Chopper
AddStaticVehicle(577,1585.27810000,1189.86470000,10.72860000,180.69690000,-1,-1); //AT-400
AddStaticVehicle(425,351.19610000,1962.04360000,18.18330000,90.94340000,-1,-1); //Hunter
AddStaticVehicle(425,350.49850000,1941.99080000,18.21410000,87.86040000,-1,-1); //Hunter
AddStaticVehicle(470,202.97550000,1897.28850000,17.63380000,10.83310000,-1,-1); //Patriot
AddStaticVehicle(470,224.09140000,1897.30180000,17.63420000,353.71870000,-1,-1); //Patriot
AddStaticVehicle(433,212.89260000,1916.66300000,18.07720000,90.32330000,-1,-1); //Barracks
AddStaticVehicle(433,281.22990000,1934.44860000,18.07730000,269.37100000,-1,-1); //Barracks
AddStaticVehicle(433,319.59130000,1975.84050000,18.07730000,179.87400000,-1,-1); //Barracks
AddStaticVehicle(562,-1275.89820000,-1377.16410000,118.30480000,21.36790000,-1,-1); //Elegy
AddStaticVehicle(562,-1279.76350000,-1378.97530000,117.98920000,21.25560000,-1,-1); //Elegy
AddStaticVehicle(411,-1283.67330000,-1380.73100000,117.72780000,22.46010000,-1,-1); //Infernus
AddStaticVehicle(411,-1287.59640000,-1382.42520000,117.43170000,21.52420000,-1,-1); //Infernus
AddStaticVehicle(562,-579.46880000,-1063.53060000,23.14970000,237.23920000,-1,-1); //Elegy
AddStaticVehicle(562,-575.73870000,-1057.33950000,23.30440000,234.52190000,-1,-1); //Elegy
AddStaticVehicle(541,-571.69680000,-1051.09640000,23.42480000,236.80030000,-1,-1); //Bullet
AddStaticVehicle(541,-567.84360000,-1044.79150000,23.56680000,235.71690000,-1,-1); //Bullet
AddStaticVehicle(411,-583.56490000,-1069.42870000,23.11240000,236.11830000,-1,-1); //Infernus
AddStaticVehicle(411,-587.39870000,-1075.69740000,23.17630000,235.26110000,-1,-1); //Infernus
AddStaticVehicle(451,-591.26850000,-1082.06250000,23.25080000,237.16540000,-1,-1); //Turismo
AddStaticVehicle(451,-595.61970000,-1088.33460000,23.37220000,236.01310000,-1,-1); //Turismo
AddStaticVehicle(562,1126.68850000,2194.88840000,16.37630000,178.17610000,-1,-1); //Elegy
AddStaticVehicle(560,1116.55210000,2194.96190000,16.42410000,179.24870000,-1,-1); //Sultan
AddStaticVehicle(561,1109.74050000,2194.59570000,16.53240000,180.74980000,-1,-1); //Stratum
AddStaticVehicle(565,1103.09410000,2194.77000000,16.34180000,180.44270000,-1,-1); //Flash
AddStaticVehicle(553,423.05130000,2502.94950000,17.81340000,88.40360000,-1,-1); //Nevada
AddStaticVehicle(519,403.93830000,2454.26640000,17.41840000,359.46090000,-1,-1); //Shamal
AddStaticVehicle(419,-234.78180000,2595.34420000,62.50070000,0.31620000,-1,-1); //Esperanto
AddStaticVehicle(401,-216.46770000,2595.48490000,62.48220000,359.63480000,-1,-1); //Bravura
AddStaticVehicle(422,-204.27680000,2608.98460000,62.68600000,179.73920000,-1,-1); //Bobcat
AddStaticVehicle(588,-924.78220000,2023.82460000,60.82450000,310.32640000,-1,-1); //Hotdog
AddStaticVehicle(423,-924.48360000,2008.46590000,60.93810000,219.13660000,-1,-1); //Mr Whoopee
AddStaticVehicle(400,-904.45170000,2015.24230000,61.00640000,133.07100000,-1,-1); //Landstalker
AddStaticVehicle(549,-913.14320000,1993.88350000,60.61130000,310.82760000,-1,-1); //Tampa
AddStaticVehicle(447,-832.54660000,2003.47510000,77.01170000,36.09660000,-1,-1); //Seasparrow
AddStaticVehicle(447,-596.52800000,2015.55370000,77.03630000,329.68160000,-1,-1); //Seasparrow
AddStaticVehicle(489,-398.31810000,2254.21970000,42.48510000,284.14760000,-1,-1); //Rancher
AddStaticVehicle(468,-673.89540000,2321.89790000,134.64360000,93.47910000,-1,-1); //Sanchez
AddStaticVehicle(468,-671.57980000,2321.26510000,135.14210000,299.82830000,-1,-1); //Sanchez
AddStaticVehicle(468,-674.27890000,2317.43190000,134.33810000,226.47810000,-1,-1); //Sanchez
AddStaticVehicle(471,-680.85190000,2320.89180000,132.75330000,153.52110000,-1,-1); //Quad
AddStaticVehicle(475,2266.99800000,647.46640000,10.96480000,181.17570000,-1,-1); //Sabre
AddStaticVehicle(484,2293.64060000,516.87850000,0.39020000,270.57020000,-1,-1); //Marquis
AddStaticVehicle(402,2788.42990000,1295.14500000,10.58160000,179.98940000,-1,-1); //Buffalo
AddStaticVehicle(408,2841.31450000,1343.37100000,11.31300000,270.49680000,-1,-1); //Trashmaster
AddStaticVehicle(405,2805.28390000,1326.10560000,10.63260000,90.24960000,-1,-1); //Sentinel
AddStaticVehicle(428,2420.20610000,1114.82890000,10.93940000,180.82430000,-1,-1); //Securicar
AddStaticVehicle(437,1109.65810000,1748.86430000,10.95520000,89.13530000,-1,-1); //Coach
AddStaticVehicle(437,1109.51330000,1757.11900000,10.95360000,89.63200000,-1,-1); //Coach
AddStaticVehicle(411,1080.86740000,1726.70620000,10.54740000,4.61080000,-1,-1); //Infernus
AddStaticVehicle(541,1075.24060000,1726.23720000,10.44530000,1.79550000,-1,-1); //Bullet
AddStaticVehicle(406,688.34440000,895.83440000,-37.91210000,323.24100000,-1,-1); //Dumper
AddStaticVehicle(486,634.71200000,890.38340000,-42.73650000,285.78160000,-1,-1); //Dozer
AddStaticVehicle(531,-1402.64580000,-1516.45500000,101.73980000,193.14470000,-1,-1); //Tractor
AddStaticVehicle(532,-1440.95400000,-1496.80180000,102.72850000,191.01480000,-1,-1); //Combine
AddStaticVehicle(531,-1431.10510000,-964.41300000,200.90200000,270.91970000,-1,-1); //Tractor
AddStaticVehicle(541,-1660.24600000,1213.62790000,6.87490000,262.33820000,-1,-1); //Bullet
AddStaticVehicle(477,-1657.98210000,1214.20680000,13.42870000,294.26500000,-1,-1); //ZR-350
AddStaticVehicle(451,-1654.71420000,1210.00280000,20.86210000,7.62410000,-1,-1); //Turismo
AddStaticVehicle(560,-2739.08180000,-298.51950000,6.71970000,48.17540000,-1,-1); //Sultan
AddStaticVehicle(561,-2764.95630000,-295.46700000,6.85270000,181.02000000,-1,-1); //Stratum
AddStaticVehicle(402,-2781.46580000,-282.23720000,6.87060000,359.76290000,-1,-1); //Buffalo
AddStaticVehicle(562,-2394.59990000,-597.11930000,132.30720000,124.99890000,-1,-1); //Elegy
AddStaticVehicle(562,-2411.77860000,-585.33950000,132.30910000,215.05790000,-1,-1); //Elegy
AddStaticVehicle(541,-2399.69040000,-613.10110000,132.27320000,33.71630000,-1,-1); //Bullet
AddStaticVehicle(451,-2399.65450000,-589.66240000,132.35610000,304.81590000,-1,-1); //Turismo
AddStaticVehicle(510,-2254.15580000,-1721.97750000,479.49510000,207.25680000,-1,-1); //Mountain Bike
AddStaticVehicle(510,-2251.35820000,-1726.43970000,479.61030000,216.31650000,-1,-1); //Mountain Bike
AddStaticVehicle(470,-2335.27000000,-1664.22230000,483.57270000,290.87430000,-1,-1); //Patriot
AddStaticVehicle(489,-2340.88570000,-1653.67190000,483.84600000,287.52260000,-1,-1); //Rancher
AddStaticVehicle(444,-2345.67310000,-1641.52860000,484.07440000,270.00650000,-1,-1); //Monster
AddStaticVehicle(471,-2346.15770000,-1632.11120000,483.17210000,257.34530000,-1,-1); //Quad
AddStaticVehicle(471,-2345.41630000,-1628.51610000,483.16310000,256.58580000,-1,-1); //Quad
AddStaticVehicle(468,-2345.09110000,-1623.56740000,483.33400000,259.75230000,-1,-1); //Sanchez
AddStaticVehicle(468,-2343.90630000,-1618.30990000,483.33500000,252.52030000,-1,-1); //Sanchez
AddStaticVehicle(468,-2344.40550000,-1620.26980000,483.33130000,252.52010000,-1,-1); //Sanchez
AddStaticVehicle(468,-2345.27120000,-1622.26820000,483.32820000,252.51940000,-1,-1); //Sanchez
AddStaticVehicle(429,327.63800000,-1809.50670000,4.15870000,0.78740000,-1,-1); //Banshee
AddStaticVehicle(480,321.44030000,-1788.84910000,4.50520000,179.02230000,-1,-1); //Comet
AddStaticVehicle(506,334.61130000,-1789.07890000,4.60150000,359.49510000,-1,-1); //Super GT
AddStaticVehicle(424,340.60420000,-1809.42190000,4.29570000,0.73610000,-1,-1); //BF Injection
AddStaticVehicle(462,315.08360000,-1809.54280000,4.06850000,177.80810000,-1,-1); //Faggio
AddStaticVehicle(487,1291.44530000,-787.35630000,96.63800000,358.71910000,-1,-1); //Maverick
AddStaticVehicle(522,1878.26150000,-1409.82840000,13.14540000,303.85610000,-1,-1); //NRG-500
AddStaticVehicle(481,1883.96560000,-1368.42500000,13.08330000,254.39560000,-1,-1); //BMX
AddStaticVehicle(481,1886.66280000,-1368.31150000,13.08700000,252.58760000,-1,-1); //BMX
AddStaticVehicle(489,-814.30740000,-2045.62230000,25.86650000,30.55620000,-1,-1); //Rancher
AddStaticVehicle(411,42.82970000,-224.00830000,1.44810000,268.44420000,-1,-1); //Infernus
AddStaticVehicle(470,2720.31200000,687.35180000,10.79030000,1.08310000,-1,-1); //Patriot
AddStaticVehicle(470,2741.69310000,687.58620000,10.82710000,0.07330000,-1,-1); //Patriot
AddStaticVehicle(601,2729.15940000,632.71530000,10.42720000,359.79650000,-1,-1); //S.W.A.T. Van
AddStaticVehicle(560,2717.92650000,645.88020000,10.42590000,230.87890000,-1,-1); //Sultan
AddStaticVehicle(541,2723.04370000,664.22300000,10.41530000,359.96770000,-1,-1); //Bullet
AddStaticVehicle(538,2864.7500,1253.2943,12.1256,180.0000,1,1); //poci¹g
AddStaticVehicle(538,1462.1115,2632.2500,12.1256,270.0000,1,1); //poci¹g
AddStaticVehicle(584,2106.32150000,939.41140000,10.62030000,269.60240000,-1,-1); //Trailer 3
AddStaticVehicle(584,2623.71800000,1129.23610000,10.55220000,180.54130000,-1,-1); //Trailer 3
AddStaticVehicle(534,2684.94070000,-1987.30300000,13.27600000,177.93170000,-1,-1); //Remington
AddStaticVehicle(535,2645.21560000,-1989.50940000,13.31780000,177.81340000,-1,-1); //Slamvan
AddStaticVehicle(420,1703.36190000,-2314.83910000,13.24100000,270.38870000,-1,-1); //Taxi
AddStaticVehicle(420,1640.49570000,-2313.26980000,13.33820000,89.64900000,-1,-1); //Taxi
AddStaticVehicle(420,1681.73740000,-2328.87450000,13.32640000,357.61390000,-1,-1); //Taxi
AddStaticVehicle(519,1528.06770000,-2494.77640000,14.47340000,270.40830000,-1,-1); //Shamal
AddStaticVehicle(519,1995.31620000,-2595.07060000,14.46890000,89.80950000,-1,-1); //Shamal
AddStaticVehicle(541,2785.17020000,-1835.17600000,9.44100000,220.15850000,-1,-1); //Bullet
AddStaticVehicle(437,2749.81740000,-1874.40500000,9.80910000,269.89510000,-1,-1); //Coach
AddStaticVehicle(519,-1367.89940000,-212.45510000,15.06720000,324.55100000,-1,-1); //Shamal
AddStaticVehicle(519,-1315.58670000,-253.36020000,15.06990000,307.92260000,-1,-1); //Shamal
AddStaticVehicle(420,-1448.57430000,-278.23300000,13.88610000,60.88960000,-1,-1); //Taxi
AddStaticVehicle(420,-1412.69560000,-304.94170000,13.84320000,38.55560000,-1,-1); //Taxi
AddStaticVehicle(420,-1394.12790000,-333.94360000,13.84350000,200.59340000,-1,-1); //Taxi
AddStaticVehicle(556,1616.22310000,1159.69400000,14.59730000,0.09750000,-1,-1); //Monster A
AddStaticVehicle(556,1610.13650000,1159.42000000,14.59460000,2.03600000,-1,-1); //Monster A
AddStaticVehicle(476,1279.25490000,1323.88200000,11.52420000,270.78930000,-1,-1); //Rustler
AddStaticVehicle(476,1280.21680000,1362.19670000,11.53120000,267.78860000,-1,-1); //Rustler
AddStaticVehicle(593,1283.97460000,1446.79650000,11.26760000,274.28110000,-1,-1); //Dodo
AddStaticVehicle(593,1284.21640000,1390.51030000,11.28400000,265.39530000,-1,-1); //Dodo
AddStaticVehicle(593,1282.89660000,1418.00440000,11.28410000,269.84050000,-1,-1); //Dodo
AddStaticVehicle(487,1650.27640000,1540.30870000,10.93460000,6.09400000,-1,-1); //Maverick
AddStaticVehicle(487,1615.93070000,1540.73000000,10.94980000,353.77240000,-1,-1); //Maverick
AddStaticVehicle(487,1620.26000000,1636.70800000,11.19600000,88.32060000,-1,-1); //Maverick
AddStaticVehicle(487,2094.20580000,2414.55860000,74.75590000,180.95870000,-1,-1); //Maverick
AddStaticVehicle(521,-209.46230000,2655.98170000,62.17680000,183.73140000,-1,-1); //FCR-900
AddStaticVehicle(522,-214.00440000,2655.94190000,62.16970000,179.02050000,-1,-1); //NRG-500
AddStaticVehicle(568,-234.02060000,2652.20920000,62.58890000,92.24380000,-1,-1); //Bandito
AddStaticVehicle(463,-220.19870000,2657.47530000,62.14200000,165.33730000,-1,-1); //Freeway
AddStaticVehicle(523,-216.81390000,2657.94680000,62.17190000,169.68290000,-1,-1); //HPV1000
AddStaticVehicle(468,-204.21560000,2655.41850000,62.36000000,170.57630000,-1,-1); //Sanchez
AddStaticVehicle(519,-67.68760000,2504.57420000,17.40620000,270.98240000,-1,-1); //Shamal
AddStaticVehicle(487,364.29970000,2538.65430000,16.83550000,350.33440000,-1,-1); //Maverick
AddStaticVehicle(476,327.06650000,2538.46000000,17.52000000,176.57080000,-1,-1); //Rustler
AddStaticVehicle(476,291.23110000,2539.91550000,17.52300000,176.78570000,-1,-1); //Rustler
AddStaticVehicle(568,385.51220000,2600.15750000,16.35160000,194.71820000,-1,-1); //Bandito
AddStaticVehicle(468,414.93430000,2532.89720000,16.24620000,89.45820000,-1,-1); //Sanchez
AddStaticVehicle(468,-395.45100000,2237.73240000,42.09880000,274.98720000,-1,-1); //Sanchez
AddStaticVehicle(468,-376.33570000,2253.27760000,42.14950000,101.17940000,-1,-1); //Sanchez
AddStaticVehicle(568,-341.85170000,2216.97780000,42.34930000,111.67890000,-1,-1); //Bandito
AddStaticVehicle(470,273.09940000,2020.24070000,17.63300000,270.67560000,-1,-1); //Patriot
AddStaticVehicle(470,270.96960000,2030.38340000,17.63260000,271.47630000,-1,-1); //Patriot
AddStaticVehicle(470,280.97070000,2034.71180000,17.63010000,227.44480000,-1,-1); //Patriot
AddStaticVehicle(568,277.98950000,1950.14720000,17.50590000,180.49790000,-1,-1); //Bandito
AddStaticVehicle(568,277.31020000,1962.10440000,17.50650000,3.67510000,-1,-1); //Bandito
AddStaticVehicle(468,276.71010000,1956.47470000,17.30950000,274.51070000,-1,-1); //Sanchez
AddStaticVehicle(523,2291.75730000,2477.10640000,10.38610000,179.92680000,-1,-1); //HPV1000
AddStaticVehicle(523,2290.77510000,2443.65650000,10.39070000,359.55790000,-1,-1); //HPV1000
AddStaticVehicle(523,2251.83470000,2475.54860000,10.39070000,178.62700000,-1,-1); //HPV1000
AddStaticVehicle(523,2252.11160000,2442.76490000,10.39070000,0.45980000,-1,-1); //HPV1000
AddStaticVehicle(420,1699.1221,1460.1957,10.5563,269.1772,6,1); //Taxi
AddStaticVehicle(420,1720.79080000,1368.13100000,10.34710000,196.47420000,-1,-1); //Taxi
AddStaticVehicle(420,1732.25890000,1487.02810000,10.59620000,340.32210000,-1,-1); //Taxi
AddStaticVehicle(409,2162.67260000,1677.31800000,10.61760000,349.06020000,-1,-1); //Stretch
AddStaticVehicle(409,2035.82700000,1008.19890000,10.62030000,180.25140000,-1,-1); //Stretch
AddStaticVehicle(409,2233.91140000,1287.90660000,10.62030000,359.27650000,-1,-1); //Stretch
AddStaticVehicle(409,2219.45000000,1840.57970000,10.62030000,2.72640000,-1,-1); //Stretch
AddStaticVehicle(415,2388.55100000,2798.30810000,10.59170000,357.21500000,-1,-1); //Cheetah
AddStaticVehicle(415,2790.10400000,2432.89870000,10.59120000,130.37190000,-1,-1); //Cheetah
AddStaticVehicle(415,2611.56590000,2254.20900000,10.58410000,89.05310000,-1,-1); //Cheetah
AddStaticVehicle(415,2546.22660000,1967.90580000,10.59120000,270.47110000,-1,-1); //Cheetah
AddStaticVehicle(429,2602.01590000,1846.54000000,10.50000000,86.59790000,-1,-1); //Banshee
AddStaticVehicle(451,2039.72270000,1492.42090000,10.37830000,181.56670000,-1,-1); //Turismo
AddStaticVehicle(451,1889.56770000,1763.80980000,10.33120000,179.44690000,-1,-1); //Turismo
AddStaticVehicle(451,2127.87890000,2372.63450000,10.52670000,178.06850000,-1,-1); //Turismo
AddStaticVehicle(451,2260.50100000,2775.13700000,10.52680000,90.22410000,-1,-1); //Turismo
AddStaticVehicle(521,2351.30690000,1444.49560000,10.39380000,87.10000000,-1,-1); //FCR-900
AddStaticVehicle(522,983.19090000,2307.10550000,11.03170000,271.08190000,-1,-1); //NRG-500
AddStaticVehicle(522,982.41520000,1994.26710000,11.03170000,267.79060000,-1,-1); //NRG-500
AddStaticVehicle(522,928.53190000,1808.27590000,8.21920000,320.82260000,-1,-1); //NRG-500
AddStaticVehicle(522,1020.88540000,1869.59780000,10.69270000,94.50980000,-1,-1); //NRG-500
AddStaticVehicle(522,652.83710000,1715.30040000,6.56600000,41.81920000,-1,-1); //NRG-500
AddStaticVehicle(522,659.66780000,1720.20370000,6.56190000,44.80190000,-1,-1); //NRG-500
AddStaticVehicle(522,2157.16410000,2220.43510000,10.38500000,181.42900000,-1,-1); //NRG-500
AddStaticVehicle(522,2133.49220000,1025.42050000,10.39270000,85.31790000,-1,-1); //NRG-500
AddStaticVehicle(522,2301.32760000,1497.60270000,10.39690000,270.37190000,-1,-1); //NRG-500
AddStaticVehicle(462,2061.59060000,2239.00930000,9.86160000,87.89180000,-1,-1); //Faggio
AddStaticVehicle(462,1854.02190000,2084.81640000,10.40940000,173.12280000,-1,-1); //Faggio
AddStaticVehicle(462,1165.91350000,2083.52120000,10.41990000,181.78270000,-1,-1); //Faggio
AddStaticVehicle(462,2440.67820000,1991.65990000,10.41930000,353.63480000,-1,-1); //Faggio
AddStaticVehicle(463,2142.30220000,2814.24880000,10.35660000,270.29440000,-1,-1); //Freeway
AddStaticVehicle(463,1307.09810000,2524.16970000,10.36070000,88.68120000,-1,-1); //Freeway
AddStaticVehicle(463,1396.82430000,2273.04270000,10.36070000,264.05320000,-1,-1); //Freeway
AddStaticVehicle(463,2183.26860000,2514.64280000,10.36070000,55.31550000,-1,-1); //Freeway
AddStaticVehicle(555,2005.89370000,2488.15770000,10.50410000,266.93130000,-1,-1); //Windsor
AddStaticVehicle(555,1541.32480000,2203.65450000,10.50450000,356.55090000,-1,-1); //Windsor
AddStaticVehicle(555,2102.77780000,2076.10840000,10.50490000,269.25840000,-1,-1); //Windsor
AddStaticVehicle(555,1944.34330000,1343.20350000,8.79330000,0.88240000,-1,-1); //Windsor
AddStaticVehicle(603,1892.66720000,1592.17350000,10.50630000,182.23170000,-1,-1); //Phoenix
AddStaticVehicle(603,1685.87080000,1747.90690000,10.66340000,268.81670000,-1,-1); //Phoenix
AddStaticVehicle(603,1367.58480000,1939.41110000,11.27460000,270.71010000,-1,-1); //Phoenix
AddStaticVehicle(603,1109.49290000,1732.85400000,10.65850000,91.24550000,-1,-1); //Phoenix
AddStaticVehicle(405,2075.37450000,1389.46550000,10.54670000,180.68900000,-1,-1); //Sentinel
AddStaticVehicle(405,2132.71360000,1139.97780000,13.38640000,62.77790000,-1,-1); //Sentinel
AddStaticVehicle(534,1402.15920000,1094.02110000,10.54510000,4.23920000,-1,-1); //Remington
AddStaticVehicle(534,2005.01340000,659.32340000,10.86170000,358.45940000,-1,-1); //Remington
AddStaticVehicle(535,2039.30050000,1552.21640000,10.43450000,180.13750000,-1,-1); //Slamvan
AddStaticVehicle(535,2471.34110000,1357.15410000,10.58410000,0.13110000,-1,-1); //Slamvan
AddStaticVehicle(535,2610.69120000,1675.17570000,10.58450000,90.50830000,-1,-1); //Slamvan
AddStaticVehicle(535,2012.71800000,2754.14840000,10.58410000,182.15950000,-1,-1); //Slamvan
AddStaticVehicle(567,2111.58620000,2740.12520000,10.68880000,268.04020000,-1,-1); //Savanna
AddStaticVehicle(567,711.70640000,1946.54150000,5.40770000,180.76930000,-1,-1); //Savanna
AddStaticVehicle(567,842.83390000,834.45370000,12.76110000,186.43750000,-1,-1); //Savanna
AddStaticVehicle(567,1389.23650000,773.45020000,10.69030000,92.57410000,-1,-1); //Savanna
AddStaticVehicle(567,2129.82760000,892.23660000,10.68060000,356.79390000,-1,-1); //Savanna
AddStaticVehicle(437,1067.15310000,1025.43880000,10.28980000,235.20760000,-1,-1); //Coach
AddStaticVehicle(541,2039.64290000,1190.48840000,10.29660000,356.90300000,-1,-1); //Bullet
AddStaticVehicle(541,2119.36010000,2142.78860000,10.29680000,182.69810000,-1,-1); //Bullet
AddStaticVehicle(541,2076.02710000,2469.06400000,10.44520000,181.09380000,-1,-1); //Bullet
AddStaticVehicle(541,1610.22610000,2684.82740000,10.40520000,266.81630000,-1,-1); //Bullet
AddStaticVehicle(506,2356.81710000,2579.36690000,10.51930000,2.70960000,-1,-1); //Super GT
AddStaticVehicle(506,2487.71140000,2527.30490000,10.52470000,177.64460000,-1,-1); //Super GT
AddStaticVehicle(506,2297.35420000,2127.10670000,10.52470000,88.69160000,-1,-1); //Super GT
AddStaticVehicle(506,2194.71020000,1878.09050000,10.52490000,178.52890000,-1,-1); //Super GT
AddStaticVehicle(587,2012.77820000,924.66730000,10.54720000,270.87990000,-1,-1); //Euros
AddStaticVehicle(587,2634.76150000,1071.69260000,10.54560000,90.07290000,-1,-1); //Euros
AddStaticVehicle(587,2488.22460000,1297.33620000,10.53790000,359.87080000,-1,-1); //Euros
AddStaticVehicle(587,828.93540000,878.56570000,13.01720000,292.54660000,-1,-1); //Euros
AddStaticVehicle(477,1110.49220000,1831.03300000,10.57530000,179.94200000,-1,-1); //ZR-350
AddStaticVehicle(477,1900.22630000,2158.71510000,10.57520000,181.29490000,-1,-1); //ZR-350
AddStaticVehicle(477,2361.71580000,1994.51390000,10.42670000,180.60540000,-1,-1); //ZR-350
AddStaticVehicle(477,2125.30180000,1803.23790000,10.42770000,152.06960000,-1,-1); //ZR-350
AddStaticVehicle(558,1900.66160000,2082.24290000,10.45080000,181.10200000,-1,-1); //Uranus
AddStaticVehicle(558,1711.22200000,2226.75290000,10.45200000,178.86410000,-1,-1); //Uranus
AddStaticVehicle(558,1549.02890000,2140.67600000,10.45060000,89.44090000,-1,-1); //Uranus
AddStaticVehicle(559,1471.07820000,1928.24790000,10.96910000,266.32160000,-1,-1); //Jester
AddStaticVehicle(559,1689.05920000,1641.21740000,10.47670000,184.42020000,-1,-1); //Jester
AddStaticVehicle(559,2123.38040000,1409.25280000,10.47030000,179.26190000,-1,-1); //Jester
AddStaticVehicle(559,1881.48520000,954.23050000,10.47660000,85.60200000,-1,-1); //Jester
AddStaticVehicle(559,1761.35270000,768.36950000,10.47660000,359.53410000,-1,-1); //Jester
AddStaticVehicle(560,1917.77930000,964.15960000,10.52550000,180.81350000,-1,-1); //Sultan
AddStaticVehicle(562,2035.23350000,987.33870000,10.48000000,179.81300000,-1,-1); //Elegy
AddStaticVehicle(562,1881.16920000,988.91690000,10.47950000,92.42250000,-1,-1); //Elegy
AddStaticVehicle(562,2008.43900000,2414.98540000,10.47800000,265.93580000,-1,-1); //Elegy
AddStaticVehicle(421,2188.91580000,1822.28820000,10.70280000,359.81160000,-1,-1); //Washington
AddStaticVehicle(421,2148.71630000,1396.59520000,10.69690000,181.34390000,-1,-1); //Washington
AddStaticVehicle(421,2352.68530000,1472.95850000,19.03760000,271.27280000,-1,-1); //Washington
AddStaticVehicle(445,2474.78880000,1089.35830000,10.69530000,179.54850000,-1,-1); //Admiral
AddStaticVehicle(445,2014.74940000,1699.79420000,10.69530000,90.88780000,-1,-1); //Admiral
AddStaticVehicle(445,1918.92090000,2760.08370000,10.69340000,86.72500000,-1,-1); //Admiral
AddStaticVehicle(461,2066.59840000,2188.29420000,10.40490000,276.06310000,-1,-1); //PCJ-600
AddStaticVehicle(461,1883.92680000,2118.80660000,10.40460000,269.75910000,-1,-1); //PCJ-600
AddStaticVehicle(461,2591.44090000,2279.33910000,10.40680000,273.36900000,-1,-1); //PCJ-600
AddStaticVehicle(461,2827.35670000,2376.74880000,10.40010000,90.71380000,-1,-1); //PCJ-600
AddStaticVehicle(467,2890.72920000,2379.20340000,10.56040000,270.59930000,-1,-1); //Oceanic
AddStaticVehicle(467,2491.06010000,2773.36080000,10.53730000,89.79580000,-1,-1); //Oceanic
AddStaticVehicle(475,2633.88570000,2207.01390000,10.62450000,358.74070000,-1,-1); //Sabre
AddStaticVehicle(475,2428.26390000,2530.09990000,21.67970000,178.17490000,-1,-1); //Sabre
AddStaticVehicle(475,2541.38350000,2355.35550000,4.01680000,88.59180000,-1,-1); //Sabre
AddStaticVehicle(542,1893.94510000,2331.38310000,10.56520000,271.15660000,-1,-1); //Clover
AddStaticVehicle(542,1628.76610000,2236.24510000,10.56380000,358.20550000,-1,-1); //Clover
AddStaticVehicle(542,1657.70090000,1090.88240000,10.56370000,180.51010000,-1,-1); //Clover
AddStaticVehicle(542,1550.40980000,1021.35860000,10.56360000,268.53190000,-1,-1); //Clover
AddStaticVehicle(542,1077.23110000,1212.33510000,10.56360000,181.93190000,-1,-1); //Clover
AddStaticVehicle(400,809.62850000,843.18710000,9.93190000,285.04250000,-1,-1); //Landstalker
AddStaticVehicle(400,662.40980000,1259.88350000,11.55330000,25.04450000,-1,-1); //Landstalker
AddStaticVehicle(400,787.42470000,1962.13180000,5.42830000,261.17200000,-1,-1); //Landstalker
AddStaticVehicle(490,2277.15820000,2473.81320000,-7.32430000,178.60990000,-1,-1); //FBI Rancher
AddStaticVehicle(411,-1955.68970000,270.57930000,40.77420000,271.27610000,-1,-1); //Infernus
AddStaticVehicle(411,-1987.51560000,304.69370000,34.90280000,89.32140000,-1,-1); //Infernus
AddStaticVehicle(487,1621.95620000,1290.14230000,10.98550000,95.45680000,-1,-1); //Maverick
AddStaticVehicle(506,1328.56800000,1279.17740000,10.52500000,359.24370000,-1,-1); //Super GT
AddStaticVehicle(542,1312.84080000,1279.02320000,10.56350000,359.35350000,-1,-1); //Clover
AddStaticVehicle(429,-8.88600000,983.59310000,19.38200000,89.69570000,-1,-1); //Banshee
AddStaticVehicle(451,-160.36860000,1039.03050000,19.47730000,280.26720000,-1,-1); //Turismo
AddStaticVehicle(427,3002.73930000,-863.79540000,11.05220000,268.52470000,-1,-1); //Enforcer
AddStaticVehicle(427,3002.51440000,-848.96790000,11.05210000,268.51680000,-1,-1); //Enforcer
AddStaticVehicle(596,3001.32570000,-856.48470000,10.63950000,268.27460000,-1,-1); //Police Car (LSPD)
AddStaticVehicle(427,3001.42430000,-776.50990000,11.05200000,270.76980000,-1,-1); //Enforcer
AddStaticVehicle(400,1360.01590000,-801.58290000,810.59800000,5.55170000,-1,-1); //Landstalker
AddStaticVehicle(400,1362.79130000,-771.16000000,810.60550000,182.66640000,-1,-1); //Landstalker
AddStaticVehicle(402,1369.52950000,-792.70640000,810.33750000,93.70010000,-1,-1); //Buffalo
AddStaticVehicle(402,1350.54650000,-790.86510000,810.33730000,180.02980000,-1,-1); //Buffalo
AddStaticVehicle(571,1349.11770000,-782.18390000,809.81240000,1.48500000,-1,-1); //Kart
AddStaticVehicle(571,1350.93010000,-783.43400000,809.78940000,3.35960000,-1,-1); //Kart
AddStaticVehicle(571,1346.58370000,-783.17220000,809.78940000,4.87680000,-1,-1); //Kart
AddStaticVehicle(571,1345.11400000,-782.91160000,809.79030000,37.52990000,-1,-1); //Kart
AddStaticVehicle(425,318.82360000,2043.86690000,18.21990000,359.54440000,-1,-1); //Hunter
AddStaticVehicle(470,289.16710000,1977.29140000,17.63010000,359.38100000,-1,-1); //Patriot
AddStaticVehicle(470,319.76080000,1999.37570000,17.63270000,178.31120000,-1,-1); //Patriot


AddStaticVehicle(562,1935.18240000,1784.11400000,18.56430000,180.26570000,-1,-1); //Elegy
AddStaticVehicle(562,1938.85840000,1784.26340000,18.56340000,179.97260000,-1,-1); //Elegy
AddStaticVehicle(451,1942.53700000,1783.88270000,18.61130000,180.09630000,-1,-1); //Turismo
AddStaticVehicle(451,1946.09500000,1784.15600000,18.61080000,180.73470000,-1,-1); //Turismo
AddStaticVehicle(541,1949.64580000,1784.16930000,18.52970000,180.41370000,-1,-1); //Bullet
AddStaticVehicle(541,1953.33190000,1784.01390000,18.52960000,180.38680000,-1,-1); //Bullet

AddStaticVehicle(487,2371.23020000,1134.87450000,34.43430000,272.44990000,-1,-1); //Maverick
AddStaticVehicle(409,2371.30690000,1142.36760000,34.05780000,269.78420000,-1,-1); //Stretch
AddStaticVehicle(409,2370.96440000,1147.74060000,34.05780000,270.89090000,-1,-1); //Stretch
AddStaticVehicle(444,2371.30930000,1154.24580000,34.62910000,270.13470000,-1,-1); //Monster
AddStaticVehicle(522,2369.40060000,1169.95790000,33.82490000,272.26870000,-1,-1); //NRG-500
AddStaticVehicle(522,2369.59200000,1167.31910000,33.82480000,272.26870000,-1,-1); //NRG-500
AddStaticVehicle(522,2369.95340000,1164.33810000,33.82510000,272.26870000,-1,-1); //NRG-500
AddStaticVehicle(522,2370.20700000,1161.46020000,33.82260000,272.26880000,-1,-1); //NRG-500
AddStaticVehicle(522,2370.55860000,1159.29990000,33.82900000,274.78810000,-1,-1); //NRG-500

AddStaticVehicle(470,1955.35410000,2434.29200000,10.99100000,147.48900000,-1,-1); //Patriot
AddStaticVehicle(470,1949.83410000,2435.35670000,10.99000000,147.02860000,-1,-1); //Patriot
AddStaticVehicle(470,1944.00180000,2435.83620000,10.98840000,145.47330000,-1,-1); //Patriot
AddStaticVehicle(487,1905.67070000,2412.05150000,11.13140000,181.09850000,-1,-1); //Maverick